>> cw02
A =

    1   43   45

B =

    6   12   45
    2    4   56
   12    3    1

tablicowe
      6    516   2025
      2    172   2520
     12    129     45
macierzowe
    632    319   2498